УГОЛКИ СТАЛЬНЫЕ ГОРЯЧЕКАТАННЫЕ РАВНОПОЛОЧНЫЕ по ГОСТ 8509-86
EUJKRB
уголки
УГОЛКИ СТАЛЬНЫЕ ГОРЯЧЕКАТАННЫЕ РАВНОПОЛОЧНЫЕ по ГОСТ 8509-86
b(мм)	t	P	F	R	r	Jx	Wx	ix	Jx0	ix0	Jy0	Wy0	iy0	Jxy	Z0
20	3	0,89	1,13	3,5	1,2	0,40	0,28	0,59	0,63	0,75	0,17	0,20	0,39	0,23	0,60
20	4	1,15	1,46	3,5	1,2	0,50	0,37	0,58	0,78	0,73	0,22	0,24	0,38	0,28	0,64
25	3	1,12	1,43	3,5	1,2	0,81	0,46	0,75	1,29	0,95	0,34	0,33	0,49	0,47	0,73
25	4	1,46	1,86	3,5	1,2	1,03	0,59	0,74	1,62	0,93	0,44	0,41	0,48	0,59	0,76
25	5	1,78	2,27	3,5	1,2	1,22	0,71	0,73	1,91	0,92	0,53	0,47	0,48	0,69	0,80
28	3	1,27	1,62	4	1,3	1,16	0,58	0,85	1,84	1,07	0,48	0,42	0,55	0,68	0,80
30	3	1,36	1,74	4	1,3	1,45	0,67	0,91	2,30	1,15	0,60	0,53	0,59	0,85	0,85
30	4	1,78	2,27	4	1,3	1,84	0,87	0,80	2,92	1,13	0,77	0,61	0,58	1,08	0,89
30	5	2,18	2,78	4	1,3	2,20	1,06	0,89	3,47	1,12	0,94	0,71	0,58	1,27	0,93
32	3	1,46	1,86	4,5	1,5	1,77	0,77	0,97	2,80	1,23	0,74	0,59	0,63	1,03	0,89
32	4	1,91	2,43	4,5	1,5	2,26	1,00	0,96	3,58	1,21	0,94	0,71	0,62	1,32	0,94
35	3	1,60	2,04	4,5	1,5	2,35	0,93	1,07	3,72	1,35	0,97	0,71	0,69	1,37	0,97
35	4	2,10	2,17	4,5	1,5	3,01	1,21	1,06	4,76	1,33	1,25	0,88	0,68	1,75	1,01
35	5	2,58	3,28	4,5	1,5	3,61	1,47	1,05	5,71	1,32	1,52	1,02	0,68	2,10	1,05
40	3	1,85	2,36	5	1,7	3,55	1,22	1,23	5,63	1,55	1,47	0,95	0,79	2,08	1,09
40	4	2,42	3,08	5	1,7	4,58	1,60	1,22	7,26	1,53	1,90	1,19	0,78	2,68	1,13
40	5	2,98	3,79	5	1,7	5,53	1,95	1,20	8,75	1,52	2,30	1,39	0,78	3,22	1,17
40	6	3,52	4,48	5	1,7	6,41	2,30	1,20	10,13	1,50	2,70	1,58	0,78	3,72	1,21
45	3	2,08	2,65	5	1,7	5,13	1,56	1,39	8,13	1,75	2,12	1,24	0,89	3,00	1,21
45	4	2,73	3,48	5	1,7	6,63	2,04	1,38	10,50	1,74	2,74	1,54	0,89	3,89	1,26
45	5	3,37	4,29	5	1,7	8,03	2,51	1,37	12,70	1,72	3,33	1,81	0,88	4,71	1,30
50	3	2,32	2,95	5,5	1,8	7,11	1,94	1,55	11,30	1,95	2,95	1,6	1,00	4,16	1,33
50	4	3,05	3,88	5,5	1,8	9,21	2,54	1,54	14,60	1,94	3,80	2,0	0,99	5,42	1,38
50	5	3,77	4,80	5,5	1,8	11,20	3,13	1,53	17,80	1,92	4,63	2,30	0,98	6,57	1,42
50	6	4,47	5,69	5,5	1,8	13,07	3,69	1,52	20,70	1,91	5,43	2,63	0,98	7,65	1,46
50	7	5,15	6,56	5,5	1,8	14,84	4,23	1,50	23,47	1,89	6,21	2,93	0,97	8,63	1,50
50	8	5,82	7,41	5,5	1,8	16,51	4,76	1,49	26,03	1,87	6,98	3,22	0,97	9,52	1,53
56	4	3,44	4,38	6	2,0	13,10	3,21	1,73	20,80	2,18	5,41	2,52	1,11	7,69	1,52
56	5	4,25	5,41	6	2,0	15,97	3,96	1,72	25,40	2,16	6,59	2,97	1,10	9,41	1,57
60	4	3,71	4,72	7	2,3	16,21	3,70	1,85	25,69	2,33	6,72	2,93	1,19	9,48	1,62
60	5	4,58	5,83	7	2,3	19,79	4,56	1,84	31,40	2,32	8,18	3,49	1,18	11,61	1,66
60	6	5,43	6,92	7	2,3	23,21	5,40	1,83	36,81	2,31	9,60	3,99	1,18	13,60	1,70
60	8	7,10	9,04	7	2,3	29,55	7,00	1,81	46,77	2,27	12,34	4,90	1,17	17,22	1,78
60	10	8,70	11,08	7	2,3	35,32	8,52	1,79	55,64	2,24	15,00	5,70	1,16	20,32	1,85
63	4	3,90	4,96	7	2,3	18,90	4,09	1,95	29,90	2,45	7,81	3,26	1,25	11,00	1,69
63	5	4,81	6,13	7	2,3	23,10	5,05	1,94	36,60	2,44	9,52	3,87	1,25	13,70	1,74
63	6	5,72	7,28	7	2,3	27,10	5,98	1,93	42,90	2,43	11,20	4,44	1,24	15,90	1,78
70	4,5	4,87	6,20	8	2,7	29,00	5,67	2,16	46,00	2,72	12,04	4,5	1,39	17,00	1,88
70	5	5,38	6,86	8	2,7	31,90	6,27	2,16	50,70	2,72	13,22	4,9	1,39	18,70	1,90
70	6	6,39	8,15	8	2,7	37,60	7,43	2,15	59,60	2,71	15,52	5,7	1,38	22,10	1,94
70	7	7,39	9,41	8	2,7	43,00	8,57	2,14	68,20	2,69	17,77	6,3	1,37	25,20	1,99
70	8	8,37	10,66	8	2,7	48,20	9,68	2,12	76,40	2,68	19,97	6,99	1,37	28,20	2,02
70	10	10,29	13,11	8	2,7	57,90	11,82	2,10	91,52	2,64	24,27	8,17	1,36	33,60	2,10
75	5	5,80	7,39	9	3,0	39,50	7,21	2,31	62,60	2,91	16,41	5,74	1,49	23,10	2,02
75	6	6,89	8,78	9	3,0	46,60	8,57	2,30	73,90	2,90	19,28	6,62	1,48	27,30	2,06
75	7	7,96	10,14	9	3,0	53,30	9,89	2,29	84,60	2,89	22,07	7,43	1,47	31,20	2,10
75	8	9,02	11,49	9	3,0	59,80	11,18	2,28	94,90	2,87	24,80	8,16	1,47	35,00	2,15
75	9	10,10	12,86	9	3,0	66,10	12,43	2,27	104,7	2,86	27,48	8,91	1,46	38,60	2,18
80	5,5	6,78	8,63	9	3,0	52,70	9,03	2,47	83,6	3,11	21,80	7,1	1,59	30,90	2,17
80	6	7,36	9,38	9	3,0	57,00	9,80	2,47	90,4	3,11	23,50	7,6	1,58	33,40	2,19
80	7	8,51	10,80	9	3,0	65,30	11,32	2,45	103,6	3,09	27,00	8,6	1,58	38,3	2,23
80	8	9,65	12,29	9	3,0	73,40	12,80	2,44	116,4	3,08	30,30	9,44	1,57	43,0	2,27
80	10	11,88	15,14	9	3,0	83,58	15,67	2,42	140,3	3,04	36,85	11,09	1,56	56,7	2,35
80	12	14,05	17,90	9	3,0	102,74	18,42	2,40	162,3	3,01	43,21	12,62	1,55	59,5	2,42
90	6	8,33	10,60	10	3,3	82,10	12,49	2,78	130,0	3,50	34,00	9,88	1,79	48,1	2,43
90	7	9,64	12,30	10	3,3	94,30	14,45	2,77	150,0	3,49	38,90	11,15	1,78	55,4	2,47
90	8	10,9	13,88	10	3,3	106,0	16,36	2,76	168,0	3,48	43,80	12,34	1,77	62,3	2,51
90	9	12,2	15,54	10	3,3	118,0	18,29	2,75	186,0	3,46	48,60	13,48	1,77	68,0	2,55
90	10	13,5	17,17	10	3,3	128,6	20,07	2,74	203,9	3,45	53,27	14,54	1,76	75,3	2,59
90	12	16,0	20,33	10	3,3	149,7	23,85	2,71	235,9	3,41	62,40	16,53	1,75	86,2	2,67
100	6,5	10,1	12,86	12	4,0	122,0	16,7	3,09	193,0	3,88	50,73	13,4	1,99	71,4	2,68
100	7	10,8	13,75	12	4,0	131,0	17,9	3,08	207,0	3,88	54,16	14,1	1,98	76,4	2,71
100	8	12,2	15,60	12	4,0	147,0	20,3	3,07	233,0	3,87	60,92	15,7	1,98	86,3	2,75
100	10	15,1	19,20	12	4,0	179,0	25,0	3,05	284,0	3,84	74,08	18,5	1,96	110,0	2,83
100	12	17,9	22,80	12	4,0	209,0	29,5	3,03	331,0	3,81	86,84	21,1	1,95	122,0	2,91
100	14	20,6	26,23	12	4,0	237,0	33,8	3,00	375,0	3,78	99,32	23,5	1,94	138,0	2,99
100	15	22,0	27,99	12	4,0	250,7	36,0	2,99	395,9	3,76	105,48	24,6	1,94	145,0	3,03
100	16	23,3	29,67	12	4,0	264,0	38,04	2,98	416,0	3,74	111,6	25,79	1,94	152,0	3,06
110	7	11,9	15,15	12	4,0	175,6	21,8	3,40	279,0	4,29	72,68	17,36	2,19	106,0	2,96
110	8	13,5	17,20	12	4,0	198,2	24,8	3,39	315,0	4,28	81,83	19,29	2,18	116,0	3,00
120	8	14,8	18,80	12	4,0	259,8	29,7	3,72	412,5	4,68	107,04	23,29	2,39	153,0	3,25
120	10	18,2	23,24	12	4,0	317,2	36,6	3,69	503,8	4,66	130,54	27,72	2,37	187,0	3,33
120	12	21,7	27,60	12	4,0	371,8	43,3	3,67	590,3	4,62	153,33	31,79	2,36	218,0	3,41
120	15	26,7	33,99	12	4,0	448,9	53,0	3,63	711,3	4,57	186,48	37,35	2,34	262,0	3,53
125	8	15,5	19,74	14	4,6	294,4	32,20	3,87	467,0	4,87	122,0	25,7	2,49	172,0	3,36
125	9	17,3	22,00	14	4,6	327,5	36,00	3,86	520,0	4,86	135,9	28,3	2,48	192,0	3,40
125	10	19,1	24,30	14	4,6	359,8	39,74	3,85	571,0	4,84	148,6	30,5	2,47	211,0	3,45
125	12	22,7	28,91	14	4,6	422,2	47,06	3,82	670,0	4,82	174,4	34,9	2,46	248,0	3,53
125	14	26,2	33,37	14	4,6	481,8	54,17	3,80	764,0	4,78	199,6	39,1	2,45	282,0	3,61
125	16	29,6	37,70	14	4,6	538,6	61,09	3,78	853,0	4,75	224,3	43,10	2,44	315,0	3,68
140	9	19,4	24,72	14	4,6	465,7	45,55	4,34	739,0	5,47	192,0	35,9	2,79	274,0	3,78
140	10	21,5	27,33	14	4,6	512,3	50,32	4,33	814,0	5,46	211,0	39,1	2,78	301,0	3,82
140	12	25,5	32,49	14	4,6	602,5	59,66	4,31	957,0	5,43	248,0	44,97	2,76	354,0	3,90
150	10	23,0	29,33	14	4,6	634,8	58,07	4,65	1008,6	5,86	261,0	45,34	2,98	374,0	4,07
150	12	27,4	34,89	14	4,6	747,5	68,90	4,63	1187,9	5,83	307,1	52,32	2,97	440,0	4,15
150	15	33,8	43,08	14	4,6	908,4	84,66	4,59	1442,6	5,79	374,2	61,96	2,95	534,0	4,27
150	18	40,1	51,09	14	4,6	1060,1	99,86	4,56	1680,9	5,74	439,2	70,91	2,93	621,0	4,38
160	10	24,7	31,40	16	5,3	774,2	66,2	4,96	1229,0	6,25	319,0	52,5	3,19	455,0	4,30
160	11	27,0	34,39	16	5,3	844,2	72,4	4,95	1341,0	6,24	348,0	56,5	3,18	496,0	4,35
160	12	29,4	37,40	16	5,3	912,9	78,6	4,94	1450,0	6,23	376,0	60,5	3,17	537,0	4,39
160	14	34,0	43,30	16	5,3	1046,5	90,8	4,92	1662,0	6,20	431,0	68,2	3,16	615,0	4,47
160	16	38,5	49,03	16	5,3	1175,2	102,6	4,89	1866,0	6,17	485,0	75,9	3,14	690,0	4,55
160	18	43,0	54,76	16	5,3	1290,2	114,2	4,87	2061,0	6,13	537,0	82,1	3,13	771,0	4,63
160	20	47,7	60,75	16	5,3	1418,9	125,60	4,85	2248,0	6,10	589,0	90,02	3,12	830,0	4,70
180	11	30,5	38,80	16	5,3	1216,0	92,5	5,60	1933,0	7,06	500,0	72,9	3,59	716,0	4,85
180	12	33,1	42,20	16	5,3	1317,0	100,4	5,59	2093,0	7,04	540,0	78,2	3,58	776,0	4,89
180	15	41,0	52,18	16	5,3	1607,4	123,7	5,55	2555,0	7,00	659,7	93,1	3,56	948,0	5,01
180	18	48,7	61,99	16	5,3	1884,1	146,4	5,51	2992,7	6,95	775,4	106,9	3,54	1108,0	5,13
180	20	53,7	68,43	16	5,3	2061,1	161,1	5,49	3271,3	6,91	850,9	115,7	3,53	1210,0	5,20
200	12	37,0	47,10	18	6,0	1822,8	124,6	6,22	2896,0	7,84	749,4	98,7	3,99	1073,0	5,37
200	13	39,9	50,85	18	6,0	1960,8	134,4	6,21	3116,0	7,83	805,4	105,1	3,98	1156,0	5,42
200	14	42,8	54,60	18	6,0	2097,0	144,2	6,20	3333,0	7,81	861,0	111,5	3,97	1236,0	5,46
200	16	48,7	61,98	18	6,0	2362,6	163,4	6,17	3755,0	7,78	969,7	123,8	3,96	1393,0	5,54
200	20	60,1	76,54	18	6,0	2871,5	200,7	6,12	4560,0	7,72	1181,9	146,6	3,93	1689,0	5,70
200	24	71,3	90,78	18	6,0	3350,7	236,8	6,08	5313,5	7,65	1387,7	167,7	3,91	1963,0	5,85
200	25	74,0	94,29	18	6,0	3466,2	245,6	6,06	5494,0	7,63	1438,4	172,7	3,91	2028,0	5,89
200	30	87,6	111,54	18	6,0	4019,6	288,6	6,00	6351,0	7,55	1698,2	193,1	3,89	2332,0	6,07
220	14	47,4	60,37	21	7,0	2814,0	175,2	6,83	4470,0	8,60	1159,0	138,6	4,38	1655,0	5,91
220	16	53,8	68,58	21	7,0	3175,0	198,7	6,81	5045,0	8,58	1306,0	153,3	4,36	1869,0	6,02
250	16	61,5	78,32	24	8,0	4717,0	258,4	7,76	7492,0	9,78	1942,0	203,5	4,98	2775,0	6,75
250	18	68,9	87,75	24	8,0	5247,0	288,8	7,73	8337,0	9,75	2158,0	223,4	4,96	3089,0	6,83
250	20	76,1	96,92	24	8,0	5765,0	318,8	7,71	9160,0	9,72	2370,0	242,5	4,94	3395,0	6,91
250	22	83,3	106,08	24	8,0	6270,0	348,3	7,69	9961,0	9,69	2579,0	260,5	4,93	3691,0	7,00
250	25	94,0	119,71	24	8,0	7006,0	391,7	7,65	11125,0	9,64	2887,0	287,1	4,91	4119,0	7,11
250	28	104,5	133,08	24	8,0	7717,0	434,3	7,61	12244,0	9,59	3190,0	312,0	4,89	4527,0	7,23
250	30	111,4	141,87	24	8,0	8177,0	462,1	7,59	12965,0	9,56	3389,0	327,8	4,89	4788,0	7,31
